175.0 0.0 0.0
175.0 3.0 0.0
175.0 6.0 0.0
175.0 9.0 0.0
175.0 12.0 0.0
175.0 15.0 0.0
175.0 18.0 0.0
175.0 21.0 0.0
175.0 24.0 0.0
175.0 27.0 0.0
175.0 30.0 0.0
175.0 33.0 0.0
175.0 36.0 0.0
175.0 39.0 0.0
175.0 42.0 0.0
175.0 45.0 0.0
175.0 48.0 0.0
175.0 51.0 0.0
175.0 54.0 0.0
175.0 57.0 0.0
175.0 60.0 0.0
175.0 63.0 0.0
175.0 66.0 0.0
175.0 69.0 0.0
175.0 72.0 0.0
175.0 75.0 0.0
175.0 78.0 0.0
175.0 81.0 0.0
175.0 84.0 0.0
175.0 87.0 0.0
175.0 90.0 0.0
175.0 93.0 0.0
175.0 96.0 0.0
175.0 99.0 0.0
175.0 102.0 0.0
175.0 105.0 0.0
175.0 108.0 0.0
175.0 111.0 0.0
175.0 114.0 0.0
175.0 117.0 0.0
175.0 120.0 0.0
175.0 123.0 0.0
175.0 126.0 0.0
175.0 129.0 0.0
175.0 132.0 0.0
175.0 135.0 0.0
175.0 138.0 0.0
175.0 141.0 0.0
175.0 144.0 0.0
175.0 147.0 0.0
175.0 150.0 0.0
175.0 153.0 0.0
175.0 156.0 0.0
175.0 159.0 0.0
175.0 162.0 0.0
175.0 165.0 0.0
175.0 168.0 0.0
175.0 171.0 0.0
175.0 174.0 0.0
175.0 177.0 0.0
175.0 180.0 0.0
