1.000000000000000000e+00
2.730740761387068782e-01
1.559894078222878455e-01
1.213710308395253151e-01
1.062702604492037212e-01
9.844887864361680230e-02
9.395921928080540331e-02
9.119586652240280200e-02
8.940043289975262153e-02
8.817452673022706244e-02
8.730856178560356118e-02
8.667692588568456924e-02
8.620420125718625259e-02
8.584158529952391758e-02
8.555717598978961058e-02
8.533074792960690380e-02
8.514739274595778395e-02
8.499744439603881818e-02
8.487358639289288575e-02
8.476993419142050956e-02
8.468213715003895803e-02
8.460681695622557230e-02
8.454165460742392446e-02
8.448524014974698182e-02
8.443608716911270295e-02
8.439293012186545317e-02
8.435470060066219133e-02
8.432063490438289344e-02
8.429019237797794051e-02
8.426287955738552549e-02
8.423828640956851355e-02
8.421597220644552739e-02
8.419579390973955246e-02
8.417738242480206357e-02
8.416056038428569586e-02
8.414507383324709711e-02
8.413081921249705719e-02
8.411771207752252733e-02
8.410558975181721408e-02
8.409433765374701997e-02
8.408390264242426859e-02
8.407416595617642208e-02
8.406505528074227629e-02
8.405654898276040954e-02
8.404857781790836535e-02
8.404105250405935479e-02
8.403393314075383036e-02
8.402722776154568363e-02
8.402091878123731095e-02
8.401498228546326608e-02
8.400934786021817258e-02
8.400401186428181621e-02
8.399894711530096758e-02
8.399415934736745304e-02
8.398961642628435809e-02
8.398529030539675366e-02
8.398117095603888083e-02
8.397725940044017956e-02
8.397351949083707578e-02
8.396996657241127815e-02
8.396657385010546093e-02
8.396333920495389902e-02
8.396024893279367685e-02
8.395729106420289634e-02
8.395446363738928719e-02
8.395175696291122536e-02
8.394914351434201727e-02
8.394663648558065017e-02
8.394423289646509023e-02
8.394192778763892582e-02
8.393969790660638086e-02
8.393755861826222853e-02
8.393550089918366819e-02
8.393352767234885103e-02
8.393163466635682191e-02
8.392979321110442814e-02
8.392800164056614387e-02
8.392626457429355757e-02
8.392459562028818654e-02
8.392298821696658750e-02
8.392143888131123330e-02
8.391994564145539848e-02
8.391850702221187452e-02
8.391712137740781063e-02
8.391578511086598968e-02
8.391449541544274138e-02
8.391324709470783516e-02
8.391203192679688727e-02
8.391085520157229305e-02
8.390971454290813147e-02
8.390861256842797877e-02
8.390754005585050745e-02
8.390649833748152486e-02
8.390548898013423795e-02
8.390450697961988891e-02
8.390355092694830319e-02
8.390262268095266540e-02
8.390172085887612208e-02
8.390084665760977334e-02
8.389999285692562037e-02
