1.000000000000000000e+00
2.706716813009751865e-01
1.549645864259472927e-01
1.205639629103613525e-01
1.055242305459400814e-01
9.768784179749927243e-02
9.316366412185292378e-02
9.036305564402526136e-02
8.853950049634212727e-02
8.730135792915388881e-02
8.642506575417369108e-02
8.578557042551447631e-02
8.530627486205537291e-02
8.493996160128516881e-02
8.465373211717058810e-02
8.442637163795552180e-02
8.424252090858509734e-02
8.409227516198676533e-02
8.396761935064542270e-02
8.386280803932848193e-02
8.377399005867713910e-02
8.369797574283792396e-02
8.363257110599067734e-02
8.357592811439751301e-02
8.352643864293832210e-02
8.348297420967011606e-02
8.344453926370389019e-02
8.341055546925646436e-02
8.338035252158527977e-02
8.335330757490928832e-02
8.332892047224282894e-02
8.330682666753516652e-02
8.328671883217653171e-02
8.326837074530060723e-02
8.325162026925854442e-02
8.323617778269340461e-02
8.322196203182667673e-02
8.320889021551433617e-02
8.319676594022759608e-02
8.318551360791753835e-02
8.317506435241056595e-02
8.316530846003349076e-02
8.315618930759938188e-02
8.314767191233876642e-02
8.313969717175404006e-02
8.313217271638508044e-02
8.312512057940021903e-02
8.311851275906112502e-02
8.311231466680156499e-02
8.310647565089286648e-02
8.310095954201947299e-02
8.309576465968417092e-02
8.309083872745380572e-02
8.308616127606549551e-02
8.308171795663109316e-02
8.307746969754138677e-02
8.307344037695513217e-02
8.306962045240105785e-02
8.306598777413809476e-02
8.306253510661977535e-02
8.305924892946302263e-02
8.305610076824307408e-02
8.305310629110256027e-02
8.305026254367353644e-02
8.304753858582995807e-02
8.304492496073309638e-02
8.304240775678162212e-02
8.304000569681184440e-02
8.303769479338131421e-02
8.303547744337966274e-02
8.303335215008401937e-02
8.303129053778868229e-02
8.302929847721433887e-02
8.302738443058224616e-02
8.302554508268281119e-02
8.302377057081955503e-02
8.302205881744656457e-02
8.302041033983004192e-02
8.301881827938002723e-02
8.301727798348934595e-02
8.301578298385003940e-02
8.301433847868180949e-02
8.301294390159937031e-02
8.301159915171028858e-02
8.301030518827692828e-02
8.300905077088527317e-02
8.300783639343667364e-02
8.300666444913343267e-02
8.300552330550545199e-02
8.300440978295359207e-02
8.300333531092943251e-02
8.300228402014306339e-02
8.300126109539168739e-02
8.300027409050837746e-02
8.299931634849909423e-02
8.299838276596220588e-02
8.299747887519680345e-02
8.299660074778571206e-02
8.299574999048194013e-02
8.299492681425971186e-02
